3 -1 3 -1 3 -1 3 -1 #SUP: 115
3 -1 3 -1 3 -1 4 -1 #SUP: 129
3 -1 3 -1 4 -1 4 -1 #SUP: 136
3 -1 4 -1 4 -1 4 -1 #SUP: 122
4 -1 3 -1 3 -1 3 -1 #SUP: 121
4 -1 4 -1 3 -1 3 -1 #SUP: 120
4 -1 4 -1 4 -1 3 -1 #SUP: 125
4 -1 4 -1 4 -1 4 -1 #SUP: 114
5 -1 4 -1 4 -1 4 -1 #SUP: 109
5 -1 5 -1 5 -1 4 -1 #SUP: 105
5 -1 5 -1 5 -1 5 -1 #SUP: 111
5 -1 5 -1 5 -1 6 -1 #SUP: 116
5 -1 5 -1 6 -1 6 -1 #SUP: 118
5 -1 6 -1 6 -1 6 -1 #SUP: 131
6 -1 6 -1 5 -1 5 -1 #SUP: 114
6 -1 6 -1 6 -1 5 -1 #SUP: 113
6 -1 6 -1 6 -1 6 -1 #SUP: 150
6 -1 6 -1 6 -1 7 -1 #SUP: 111
7 -1 6 -1 6 -1 6 -1 #SUP: 105
